1.00E+00,-5.97E-01,-4.94E-02,-9.33E-01,-6.48E-03,-2.31E-01,-5.98E-03,2.21E-01,-1.01E+00,1.54E+00,-1.33E+00,5.14E-01,-3.73E-01,1.09E+00,8.61E-01,8.77E-01,-1.37E-01,-4.23E-01,1.23E+00,4.48E-01,-3.20E-01,1.52E-01,-5.74E-01,-1.13E-01,-9.03E-01,-3.41E-01,3.07E-02,-3.84E-01,1121
1.00E+00,6.60E-01,-5.52E-01,-1.37E+00,-8.10E-01,-1.47E-01,-1.05E+00,7.73E-01,7.06E-01,3.07E-01,7.54E-01,-5.49E-01,5.69E-01,-7.48E-02,8.61E-01,-2.10E+00,1.28E+00,1.48E+00,-8.15E-01,-1.63E+00,1.65E+00,-3.54E-01,-5.74E-01,-1.18E+00,2.88E-01,1.16E+00,-1.02E-01,-4.40E-01,1121
0.00E+00,-3.81E-01,1.46E+00,-7.85E-01,-2.41E+00,2.25E-01,-1.05E+00,6.34E-02,7.26E-01,-1.31E+00,7.54E-01,6.87E-01,2.90E-01,7.30E-01,-1.16E+00,-8.26E-01,6.41E-01,-2.79E-02,1.23E+00,-1.64E-01,8.31E-01,4.41E-01,-5.74E-01,-2.85E-01,-9.08E-01,-3.33E-01,-5.60E-01,-7.74E-01,1121
0.00E+00,1.02E+00,1.68E+00,6.92E-01,-2.98E-01,2.56E-01,8.50E-01,9.50E-02,2.21E+00,-9.15E-01,-1.33E+00,-6.29E-01,2.16E+00,1.63E+00,8.61E-01,-5.99E-01,1.56E+00,-1.64E+00,-8.15E-01,-1.43E-01,6.33E-01,-1.01E-01,1.74E+00,-7.85E-01,-8.16E-01,-3.47E-01,-8.44E-01,-5.24E-01,1121
0.00E+00,-5.61E-01,-1.20E+00,-1.59E+00,1.62E-01,-7.38E-01,-1.05E+00,-3.84E-02,-1.43E-01,8.51E-01,7.54E-01,-8.06E-01,-2.86E-01,4.22E-01,-1.16E+00,-3.53E-01,-2.60E-01,-1.02E+00,1.23E+00,-1.24E+00,-2.06E+00,-6.74E-01,-5.74E-01,8.11E-01,2.77E-01,-3.35E-01,4.44E-01,-6.55E-01,1121
0.00E+00,1.46E+00,-2.07E-02,-3.98E-01,-1.72E+00,3.01E-01,-1.05E+00,1.06E-01,5.93E-01,1.31E+00,7.54E-01,-2.36E-01,-4.74E-01,-9.56E-01,8.61E-01,-1.68E+00,1.40E+00,4.98E-01,-8.15E-01,-1.16E+00,7.04E-02,9.81E-01,-5.74E-01,-8.60E-01,-7.79E-01,-3.41E-01,-5.63E-01,-4.58E-01,1121
1.00E+00,1.56E+00,-3.41E-02,1.12E-01,-2.40E-01,1.31E+00,-5.98E-03,-1.86E-02,1.14E+00,-1.68E+00,-1.33E+00,-6.71E-01,-1.95E-01,-3.09E-01,-1.16E+00,-1.80E-01,4.85E-01,-1.63E+00,1.23E+00,3.68E-01,-5.68E-01,3.18E-01,-5.74E-01,-3.25E-01,1.87E-01,4.39E+00,5.67E-01,-1.39E-01,1121
0.00E+00,-5.36E-01,1.33E+00,1.32E+00,-1.05E+00,-5.40E-01,-1.05E+00,-1.08E-01,1.05E+00,2.22E-01,7.54E-01,1.32E-01,8.76E-01,-1.49E+00,8.61E-01,-6.19E-01,3.44E-01,-1.00E+00,-8.15E-01,-3.07E-02,1.00E+00,8.34E-01,-5.74E-01,2.73E-01,-2.42E-01,-3.59E-01,-4.62E-01,-1.04E+00,1121
0.00E+00,-1.36E+00,-5.32E-01,1.23E+00,5.53E-03,-1.30E-01,-5.98E-03,2.22E-01,1.60E-01,3.26E-01,7.54E-01,8.87E-01,7.58E-01,-1.26E+00,-1.16E+00,-2.35E-01,5.01E-01,1.24E+00,1.23E+00,-3.40E-01,8.47E-02,-1.20E+00,-5.74E-01,-5.65E-01,-5.65E-02,-3.49E-01,-7.01E-01,-5.24E-01,1121
1.00E+00,1.05E+00,3.30E-01,9.55E-01,-7.05E-01,6.27E-01,-1.05E+00,9.30E-01,-2.63E-01,-6.86E-01,7.54E-01,2.17E-01,-1.85E-01,1.21E+00,8.61E-01,-1.25E+00,-7.01E-01,1.38E+00,-8.15E-01,-4.77E-01,-8.85E-01,-1.89E-01,-5.74E-01,-3.70E-01,-4.71E-01,-3.43E-01,1.06E+00,-1.80E-01,1121
0.00E+00,-3.06E-01,7.46E-02,-1.06E+00,1.96E-01,-6.19E-01,8.50E-01,2.12E-01,-7.17E-01,1.62E+00,7.54E-01,4.88E-01,8.76E-01,2.98E-01,8.61E-01,-2.48E-01,-3.92E-01,-1.52E+00,-8.15E-01,-3.60E-01,-7.56E-01,-5.18E-01,-5.74E-01,-1.10E+00,-3.62E-01,-3.48E-01,6.91E-01,-6.21E-02,1121
0.00E+00,-1.77E+00,4.28E-02,7.16E-01,4.53E-01,-5.09E-01,-1.05E+00,-9.19E-02,1.25E+00,1.35E+00,-1.33E+00,9.79E-03,-3.80E-01,-8.50E-01,8.61E-01,-2.67E-01,1.10E+00,2.67E-01,1.23E+00,-1.67E-02,6.66E-01,6.43E-01,-5.74E-01,3.60E-01,3.29E-02,-3.24E-01,-9.99E-01,-2.30E-01,1121
1.00E+00,1.33E-02,-1.05E+00,5.41E-01,-1.43E+00,1.09E-01,-1.05E+00,-9.61E-02,6.40E-01,-1.28E+00,7.54E-01,-2.89E-01,-1.01E-01,5.86E-02,-1.16E+00,1.84E-01,7.29E-01,1.69E+00,1.23E+00,9.04E-01,-3.83E-01,8.59E-01,-5.74E-01,3.65E-01,7.89E-01,-3.53E-01,3.67E-01,-5.44E-01,1121
0.00E+00,-8.39E-01,-4.75E-02,1.67E+00,-1.31E+00,-8.82E-01,-1.05E+00,4.13E-01,-6.72E-01,1.55E+00,7.54E-01,4.79E-02,1.64E-01,-3.69E-01,-1.16E+00,7.94E-01,-5.02E-01,1.15E-01,1.23E+00,-2.83E-01,-2.42E-04,1.27E-01,-5.74E-01,-7.61E-01,-8.77E-01,-3.10E-01,-4.89E-01,-5.10E-01,1121
1.00E+00,1.74E+00,1.54E-02,-8.93E-01,-9.50E-01,-4.36E-01,-5.98E-03,-5.89E-02,5.97E-01,1.25E+00,-1.33E+00,-4.56E-02,-8.49E-01,1.10E+00,8.61E-01,6.91E-02,-5.38E-01,-7.37E-01,-8.15E-01,7.00E-01,-6.77E-01,1.50E-01,1.74E+00,6.44E-01,-4.46E-01,-3.31E-01,6.01E-01,-6.61E-02,1121
0.00E+00,2.06E+00,-4.48E-01,-1.55E-01,2.69E-01,1.23E+00,-5.98E-03,2.22E-01,-7.30E-01,1.49E+00,-1.33E+00,-4.04E-01,-4.82E-01,-6.56E-01,8.61E-01,-1.08E+00,-1.54E-01,-1.40E+00,-8.15E-01,-1.01E+00,1.39E-02,4.04E-01,1.74E+00,2.55E-01,-1.99E-01,7.11E+00,6.12E-01,-1.83E-01,1121
0.00E+00,-1.21E+00,8.13E-01,9.14E-01,-2.19E+00,-1.09E+00,-1.05E+00,2.52E-01,-6.36E-02,4.68E-01,7.54E-01,1.73E-01,-1.11E+00,-1.22E+00,-1.16E+00,8.96E-01,-7.75E-01,-1.60E+00,-8.15E-01,-1.04E-01,-5.01E-01,-3.39E-01,1.74E+00,-8.82E-02,-1.28E-01,-3.84E-01,-4.67E-01,-4.89E-01,1121
0.00E+00,-1.22E+00,1.64E+00,3.44E-01,6.14E-01,9.70E-01,-5.98E-03,-1.26E-02,5.37E-01,-8.65E-01,7.54E-01,-1.77E-01,1.05E-01,6.86E-01,8.61E-01,-3.65E-02,-3.07E-01,-1.01E+00,-8.15E-01,7.95E-01,-4.04E-01,-5.00E-01,-5.74E-01,-7.03E-01,-1.46E-01,-3.19E-01,-8.44E-01,-4.73E-01,1121
1.00E+00,1.75E+00,-2.31E-01,5.90E-01,-2.35E-01,1.65E-01,2.20E+00,-1.35E-02,-1.10E-01,-1.43E+00,7.54E-01,-4.69E-01,-1.03E+00,8.08E-02,8.61E-01,3.04E-01,-4.42E-01,-9.57E-01,-8.15E-01,1.15E+00,-6.23E-01,-1.56E+00,-5.74E-01,-9.93E-02,-3.35E-01,-1.29E-01,8.66E-01,-1.77E-01,1121
0.00E+00,-3.44E-01,1.44E-01,1.02E+00,-8.21E-01,-1.66E+00,-1.05E+00,3.82E-02,-5.15E-01,6.82E-01,7.54E-01,6.00E-01,-2.66E-01,-6.91E-01,8.61E-01,-3.90E-01,-2.60E-03,-1.18E+00,-8.15E-01,-1.55E+00,1.08E+00,-1.69E+00,-5.74E-01,-6.43E-01,-2.88E-01,-3.40E-01,3.95E-02,-5.63E-01,1121
0.00E+00,-1.70E+00,-6.62E-01,-1.17E+00,7.49E-01,1.66E+00,8.50E-01,3.72E-02,-7.23E-01,-4.93E-01,7.54E-01,1.38E-01,-9.47E-01,-2.17E-03,-1.16E+00,7.69E-01,6.77E-01,1.20E+00,1.23E+00,8.98E-01,-1.50E-01,-1.72E-01,-5.74E-01,-4.21E-02,-2.67E-01,-3.11E-01,-7.06E-01,-6.99E-02,1121
0.00E+00,-2.41E-01,7.96E-01,-1.44E+00,-9.10E-01,-2.95E-01,-5.98E-03,1.98E-01,7.95E-01,-8.72E-01,7.54E-01,1.11E-01,9.56E-01,1.09E+00,8.61E-01,-1.28E-01,8.65E-01,5.76E-01,-8.15E-01,4.52E-02,1.49E+00,4.33E-02,-5.74E-01,-3.97E-01,-4.03E-01,-3.18E-01,-6.55E-01,-7.28E-01,1121
0.00E+00,1.23E+00,3.55E-03,-9.03E-01,-2.57E-01,-1.57E+00,-5.98E-03,5.10E-01,-1.31E-01,7.92E-01,7.54E-01,-3.39E-02,4.57E-01,-7.18E-01,-1.16E+00,-1.64E-01,-4.79E-03,1.15E+00,-8.15E-01,-4.54E-01,3.27E-01,-5.15E-02,1.74E+00,-3.66E-01,-5.35E-01,1.11E+00,-6.01E-01,-3.42E-01,1121
0.00E+00,2.07E-01,-1.25E+00,3.80E-01,-2.64E-01,3.59E-01,-5.98E-03,-3.10E-02,-2.22E-01,-9.63E-01,-1.33E+00,1.08E-01,7.47E-02,-1.44E+00,8.61E-01,6.26E-01,-1.24E+00,8.54E-01,1.23E+00,6.20E-01,1.44E-01,7.01E-01,-5.74E-01,-1.31E-01,-9.11E-02,-2.86E-01,-6.88E-01,-2.92E-01,1121
0.00E+00,-3.81E-01,-1.24E+00,-2.41E-01,-8.18E-01,-1.11E+00,-5.98E-03,1.24E-01,-2.27E+00,1.26E+00,-1.33E+00,-5.00E-01,-1.46E+00,-5.36E-01,8.61E-01,-1.58E+00,-1.84E+00,1.70E+00,-8.15E-01,-8.57E-01,-5.66E-01,-1.12E-02,-5.74E-01,-7.11E-01,-4.99E-01,-3.45E-01,-1.29E+00,-9.93E-01,1121
0.00E+00,-1.35E+00,-1.51E-01,-1.03E+00,-3.45E-01,8.71E-01,-1.05E+00,3.31E-01,1.94E+00,-3.82E-01,7.54E-01,-7.83E-01,5.60E-01,1.69E+00,8.61E-01,-2.86E-01,2.13E+00,3.22E-01,-8.15E-01,-5.91E-01,1.86E-01,1.15E+00,-5.74E-01,9.11E-01,6.15E-01,-3.30E-01,3.49E-01,-4.95E-01,1121
0.00E+00,-1.62E+00,2.24E+00,-3.28E-01,-5.93E-01,-1.25E+00,1.57E+00,2.72E-01,5.44E-01,1.61E+00,7.54E-01,-2.32E-02,2.41E-01,-3.25E-01,-1.16E+00,3.78E-01,8.88E-01,1.73E-01,1.23E+00,8.46E-01,-1.12E+00,1.47E+00,-5.74E-01,-2.89E-01,-5.57E-01,-3.62E-01,-2.60E-01,-1.38E-01,1121
0.00E+00,7.66E-01,1.22E+00,-1.54E+00,-2.64E-01,-1.62E+00,-1.05E+00,2.87E-01,-4.22E-01,3.09E-01,7.54E-01,-7.57E-01,2.38E-01,-1.30E+00,8.61E-01,-6.59E-01,-1.39E+00,-1.27E+00,-8.15E-01,-2.23E-01,7.45E-01,3.60E-01,-5.74E-01,1.29E+00,7.01E-01,-3.59E-01,1.06E+00,-7.64E-02,1121
0.00E+00,1.66E+00,-6.36E-01,9.13E-02,9.21E-02,-1.63E-01,-1.05E+00,7.86E-02,-8.63E-01,-1.71E+00,7.54E-01,-7.28E-01,7.80E-01,-1.49E+00,-1.16E+00,-6.10E-01,-6.22E-01,9.54E-01,1.23E+00,1.60E-01,8.87E-03,-1.30E+00,-5.74E-01,-8.17E-01,-1.98E-01,-2.54E-01,9.98E-01,-1.47E-01,1121
1.00E+00,-2.92E-01,-3.96E-01,3.08E-01,-7.63E-01,-1.26E+00,8.50E-01,1.29E-01,-9.65E-01,1.64E+00,-1.33E+00,4.24E-01,-1.32E+00,1.44E-01,-1.16E+00,5.26E-01,1.22E-01,6.28E-01,1.23E+00,1.04E+00,-9.34E-01,-1.21E+00,-5.74E-01,6.11E-01,-8.95E-01,-1.51E-01,-8.34E-01,-3.61E-01,1121
0.00E+00,1.78E+00,1.69E-01,-1.54E+00,-6.78E-01,7.66E-01,-1.05E+00,3.32E-03,6.54E-01,-1.48E-02,7.54E-01,8.30E-02,-2.52E-02,1.45E+00,-1.16E+00,3.30E-01,-1.96E-01,1.21E-01,1.23E+00,-1.46E-01,2.52E-01,-4.27E-01,-5.74E-01,7.92E-01,4.95E-01,3.64E+00,9.37E-01,-2.39E-01,1121
0.00E+00,5.01E-01,-1.46E-01,-1.27E+00,1.82E-01,-5.59E-01,-5.98E-03,-1.43E-02,-4.96E-01,9.18E-01,7.54E-01,-8.45E-01,-1.61E+00,-4.37E-01,-1.16E+00,-2.01E-01,-4.44E-01,1.37E+00,-8.15E-01,4.93E-02,4.61E-01,-2.91E-01,1.74E+00,-2.72E-01,-4.99E-01,9.65E-01,-7.43E-01,-4.78E-01,1121
1.00E+00,-6.24E-01,-1.23E+00,-9.46E-01,9.32E-01,-1.48E+00,2.20E+00,1.75E-01,-4.85E-01,-1.37E-01,-1.33E+00,5.37E-01,-8.86E-01,1.38E+00,8.61E-01,8.41E-01,-6.47E-01,-5.15E-01,1.23E+00,5.40E-01,-4.56E-01,2.80E-01,-5.74E-01,-1.03E-01,-2.87E-01,-3.39E-01,-2.32E-01,-2.65E-01,1121
0.00E+00,-7.83E-01,-4.06E-01,1.11E+00,-1.35E-01,-8.97E-01,-5.98E-03,1.92E-01,-6.74E-01,-1.51E+00,7.54E-01,2.52E-01,1.23E-01,-1.55E-01,-1.16E+00,1.84E-01,5.49E-01,8.54E-01,-8.15E-01,2.38E-01,1.12E+00,2.26E-01,-5.74E-01,6.07E-01,-5.60E-01,2.65E-01,-4.88E-01,-3.00E-01,1121
0.00E+00,9.32E-01,-8.55E-01,-7.63E-01,-1.28E+00,1.46E+00,-1.05E+00,-4.74E-02,-1.52E-01,6.98E-01,7.54E-01,4.19E-01,-1.38E+00,-1.09E+00,-1.16E+00,3.93E-01,-1.07E+00,3.63E-01,1.23E+00,5.56E-01,-1.14E+00,1.57E+00,-5.74E-01,5.35E-01,8.94E-01,6.00E-01,4.02E-01,-2.95E-01,1121
1.00E+00,-4.42E-02,-8.78E-01,4.09E-01,4.08E-02,-1.58E-01,8.50E-01,1.47E-01,4.05E-01,1.50E+00,7.54E-01,8.64E-01,-7.79E-02,1.09E-01,8.61E-01,6.42E-01,7.43E-01,-1.67E+00,-8.15E-01,1.39E+00,2.11E-01,-7.82E-01,-5.74E-01,-7.36E-01,-8.51E-01,-3.55E-01,-9.32E-01,-9.44E-02,1121
0.00E+00,4.05E-01,-2.52E-01,3.16E-02,-1.99E+00,-1.07E+00,-5.98E-03,2.31E-01,4.08E-01,-1.29E+00,7.54E-01,9.61E-01,-4.24E-02,5.10E-01,8.61E-01,5.06E-02,8.30E-02,-1.58E+00,-8.15E-01,-5.35E-01,-2.33E-01,8.97E-01,-5.74E-01,-1.87E-01,-4.10E-01,-3.25E-01,-4.18E-01,-4.19E-01,1121
1.00E+00,-8.73E-01,-3.35E-01,8.67E-03,1.58E-01,-6.39E-01,1.57E+00,2.80E-01,-1.46E+00,-5.84E-01,7.54E-01,8.52E-01,-2.67E-01,8.59E-01,8.61E-01,1.11E+00,-7.61E-01,-1.49E+00,-8.15E-01,5.73E-01,-3.58E-01,1.36E+00,-5.74E-01,-1.09E+00,-2.44E-01,-3.12E-01,-7.56E-01,-7.99E-02,1121
1.00E+00,6.77E-01,-2.64E-01,9.11E-01,-2.26E-01,1.39E+00,-5.98E-03,4.40E-01,-4.98E-01,-6.55E-01,7.54E-01,-7.66E-02,4.23E-01,1.02E+00,-1.16E+00,3.13E-01,-5.29E-01,-1.65E-01,1.23E+00,8.69E-01,-2.43E-01,1.63E+00,-5.74E-01,4.33E-01,1.98E-01,-3.57E-01,7.30E-01,-2.79E-01,1121
0.00E+00,-9.29E-01,8.63E-01,-8.25E-01,1.56E-01,1.50E+00,-1.05E+00,3.42E-01,6.08E-01,-1.26E+00,-1.33E+00,6.45E-01,5.00E-01,1.71E-01,8.61E-01,4.56E-01,-1.48E-01,7.86E-01,1.23E+00,-8.55E-01,-1.55E-01,-1.03E-01,-5.74E-01,9.91E-01,1.45E+00,-4.28E-03,-5.68E-03,-4.43E-01,1121
0.00E+00,-1.79E-01,-8.52E-01,3.99E-01,7.72E-01,-2.10E-02,-1.05E+00,4.08E-01,4.42E-02,-1.66E+00,7.54E-01,3.92E-03,-7.09E-01,-3.57E-01,8.61E-01,-1.20E+00,5.84E-02,1.30E+00,-8.15E-01,-1.14E+00,1.08E-01,7.32E-01,-5.74E-01,-1.89E+00,-3.21E-01,-2.56E-01,1.16E+00,-2.44E-01,1121
1.00E+00,7.23E-01,4.72E-01,-1.02E+00,1.08E+00,-7.32E-01,-1.05E+00,1.99E-01,-6.28E-01,1.09E+00,-1.33E+00,-7.20E-01,3.74E-01,-2.41E-01,8.61E-01,-2.45E-01,-2.32E-01,5.93E-01,1.23E+00,3.20E-01,-4.01E-02,1.36E+00,-5.74E-01,-1.95E-01,-7.82E-01,-2.79E-01,-6.50E-01,-1.88E-01,1121
0.00E+00,-6.43E-01,1.41E+00,9.91E-01,3.04E-01,1.47E+00,-1.05E+00,-9.91E-02,9.54E-01,6.65E-01,7.54E-01,2.79E-01,8.43E-01,-8.01E-01,-1.16E+00,9.88E-01,1.93E-01,-1.16E+00,1.23E+00,3.18E-02,3.84E-01,5.07E-01,-5.74E-01,8.77E-01,5.06E-01,-3.25E-01,-4.01E-01,-5.19E-01,1121
0.00E+00,-4.12E-01,2.28E-01,-1.22E+00,-1.07E+00,1.67E+00,8.50E-01,3.93E-02,3.46E-01,-4.86E-02,7.54E-01,-1.20E+00,-2.08E-01,1.20E+00,-1.16E+00,-9.33E-01,-9.62E-01,1.15E+00,-8.15E-01,-5.17E-01,-4.25E-01,-1.27E+00,-5.74E-01,-7.42E-01,-3.68E-01,-3.19E-01,2.20E-02,-8.81E-01,1121
0.00E+00,3.83E-01,-4.71E-01,1.11E-01,-3.83E+00,1.59E+00,8.50E-01,3.34E-01,4.03E-02,1.36E+00,7.54E-01,9.85E-01,2.33E-01,-4.39E-01,8.61E-01,1.35E+00,-3.58E-01,-6.22E-01,-8.15E-01,9.88E-01,1.41E-01,-1.67E+00,-5.74E-01,-3.75E-01,-7.30E-01,-3.25E-01,-4.23E-01,-1.58E-01,1121
0.00E+00,-1.39E-01,3.38E-01,6.86E-01,-1.68E-01,-8.74E-02,1.57E+00,1.41E-01,1.51E+00,-1.52E+00,-1.33E+00,-5.05E-01,4.49E-01,3.29E-01,8.61E-01,-1.30E-02,-2.81E-01,1.03E+00,1.23E+00,6.08E-01,3.29E-01,-5.07E-01,-5.74E-01,7.88E-02,-1.94E-01,-3.31E-01,-6.65E-01,-4.23E-01,1121
0.00E+00,-6.84E-02,-1.02E+00,1.16E-01,1.97E-01,-7.83E-01,8.50E-01,-4.08E-03,4.08E-01,1.50E+00,7.54E-01,-1.09E+00,5.85E-01,-1.17E+00,8.61E-01,-4.70E-01,-1.37E+00,-4.00E-01,-8.15E-01,-5.61E-01,7.79E-01,1.07E+00,-5.74E-01,8.38E-01,1.77E-01,9.31E-01,7.25E-01,-3.50E-01,1121
0.00E+00,1.54E+00,-1.36E+00,5.01E-02,-7.35E-01,1.16E-02,1.57E+00,-7.84E-02,-2.25E+00,1.72E+00,7.54E-01,-5.07E-01,-8.03E-01,1.51E+00,-1.16E+00,-2.81E-01,-7.20E-01,-4.42E-01,1.23E+00,-3.33E-01,-6.77E-01,7.98E-01,-5.74E-01,-5.23E-01,-3.62E-01,-2.75E-01,1.00E+00,-2.72E-01,1121
1.00E+00,1.31E+00,1.14E+00,-1.91E-01,-1.01E+00,-1.36E+00,-5.98E-03,6.14E-01,1.91E-01,1.48E+00,7.54E-01,2.91E-01,3.32E-01,-9.76E-03,8.61E-01,-2.49E-01,-8.77E-02,-1.61E+00,-8.15E-01,-1.36E+00,7.77E-01,-1.31E+00,-5.74E-01,-1.02E+00,-4.68E-01,1.86E+00,-2.67E-01,-1.78E-01,1121
