0.00E+00,-1.62E+00,2.24E+00,-3.28E-01,-5.93E-01,-1.25E+00,1.57E+00,2.72E-01,5.44E-01,1.61E+00,7.54E-01,-2.32E-02,2.41E-01,-3.25E-01,-1.16E+00,3.78E-01,8.88E-01,1.73E-01,1.23E+00,8.46E-01,-1.12E+00,1.47E+00,-5.74E-01,-2.89E-01,-5.57E-01,-3.62E-01,-2.60E-01,-1.38E-01,112121
1.00E+00,1.56E+00,-3.41E-02,1.12E-01,-2.40E-01,1.31E+00,-5.98E-03,-1.86E-02,1.14E+00,-1.68E+00,-1.33E+00,-6.71E-01,-1.95E-01,-3.09E-01,-1.16E+00,-1.80E-01,4.85E-01,-1.63E+00,1.23E+00,3.68E-01,-5.68E-01,3.18E-01,-5.74E-01,-3.25E-01,1.87E-01,4.39E+00,5.67E-01,-1.39E-01,112121
1.00E+00,1.33E-02,-1.05E+00,5.41E-01,-1.43E+00,1.09E-01,-1.05E+00,-9.61E-02,6.40E-01,-1.28E+00,7.54E-01,-2.89E-01,-1.01E-01,5.86E-02,-1.16E+00,1.84E-01,7.29E-01,1.69E+00,1.23E+00,9.04E-01,-3.83E-01,8.59E-01,-5.74E-01,3.65E-01,7.89E-01,-3.53E-01,3.67E-01,-5.44E-01,112121
1.00E+00,1.74E+00,1.54E-02,-8.93E-01,-9.50E-01,-4.36E-01,-5.98E-03,-5.89E-02,5.97E-01,1.25E+00,-1.33E+00,-4.56E-02,-8.49E-01,1.10E+00,8.61E-01,6.91E-02,-5.38E-01,-7.37E-01,-8.15E-01,7.00E-01,-6.77E-01,1.50E-01,1.74E+00,6.44E-01,-4.46E-01,-3.31E-01,6.01E-01,-6.61E-02,112121
0.00E+00,-1.22E+00,1.64E+00,3.44E-01,6.14E-01,9.70E-01,-5.98E-03,-1.26E-02,5.37E-01,-8.65E-01,7.54E-01,-1.77E-01,1.05E-01,6.86E-01,8.61E-01,-3.65E-02,-3.07E-01,-1.01E+00,-8.15E-01,7.95E-01,-4.04E-01,-5.00E-01,-5.74E-01,-7.03E-01,-1.46E-01,-3.19E-01,-8.44E-01,-4.73E-01,112121
1.00E+00,1.75E+00,-2.31E-01,5.90E-01,-2.35E-01,1.65E-01,2.20E+00,-1.35E-02,-1.10E-01,-1.43E+00,7.54E-01,-4.69E-01,-1.03E+00,8.08E-02,8.61E-01,3.04E-01,-4.42E-01,-9.57E-01,-8.15E-01,1.15E+00,-6.23E-01,-1.56E+00,-5.74E-01,-9.93E-02,-3.35E-01,-1.29E-01,8.66E-01,-1.77E-01,112121
0.00E+00,-1.70E+00,-6.62E-01,-1.17E+00,7.49E-01,1.66E+00,8.50E-01,3.72E-02,-7.23E-01,-4.93E-01,7.54E-01,1.38E-01,-9.47E-01,-2.17E-03,-1.16E+00,7.69E-01,6.77E-01,1.20E+00,1.23E+00,8.98E-01,-1.50E-01,-1.72E-01,-5.74E-01,-4.21E-02,-2.67E-01,-3.11E-01,-7.06E-01,-6.99E-02,112121
0.00E+00,2.07E-01,-1.25E+00,3.80E-01,-2.64E-01,3.59E-01,-5.98E-03,-3.10E-02,-2.22E-01,-9.63E-01,-1.33E+00,1.08E-01,7.47E-02,-1.44E+00,8.61E-01,6.26E-01,-1.24E+00,8.54E-01,1.23E+00,6.20E-01,1.44E-01,7.01E-01,-5.74E-01,-1.31E-01,-9.11E-02,-2.86E-01,-6.88E-01,-2.92E-01,112121
1.00E+00,-2.92E-01,-3.96E-01,3.08E-01,-7.63E-01,-1.26E+00,8.50E-01,1.29E-01,-9.65E-01,1.64E+00,-1.33E+00,4.24E-01,-1.32E+00,1.44E-01,-1.16E+00,5.26E-01,1.22E-01,6.28E-01,1.23E+00,1.04E+00,-9.34E-01,-1.21E+00,-5.74E-01,6.11E-01,-8.95E-01,-1.51E-01,-8.34E-01,-3.61E-01,112121
1.00E+00,-6.24E-01,-1.23E+00,-9.46E-01,9.32E-01,-1.48E+00,2.20E+00,1.75E-01,-4.85E-01,-1.37E-01,-1.33E+00,5.37E-01,-8.86E-01,1.38E+00,8.61E-01,8.41E-01,-6.47E-01,-5.15E-01,1.23E+00,5.40E-01,-4.56E-01,2.80E-01,-5.74E-01,-1.03E-01,-2.87E-01,-3.39E-01,-2.32E-01,-2.65E-01,112121
0.00E+00,9.32E-01,-8.55E-01,-7.63E-01,-1.28E+00,1.46E+00,-1.05E+00,-4.74E-02,-1.52E-01,6.98E-01,7.54E-01,4.19E-01,-1.38E+00,-1.09E+00,-1.16E+00,3.93E-01,-1.07E+00,3.63E-01,1.23E+00,5.56E-01,-1.14E+00,1.57E+00,-5.74E-01,5.35E-01,8.94E-01,6.00E-01,4.02E-01,-2.95E-01,112121
1.00E+00,-4.42E-02,-8.78E-01,4.09E-01,4.08E-02,-1.58E-01,8.50E-01,1.47E-01,4.05E-01,1.50E+00,7.54E-01,8.64E-01,-7.79E-02,1.09E-01,8.61E-01,6.42E-01,7.43E-01,-1.67E+00,-8.15E-01,1.39E+00,2.11E-01,-7.82E-01,-5.74E-01,-7.36E-01,-8.51E-01,-3.55E-01,-9.32E-01,-9.44E-02,112121
1.00E+00,-8.73E-01,-3.35E-01,8.67E-03,1.58E-01,-6.39E-01,1.57E+00,2.80E-01,-1.46E+00,-5.84E-01,7.54E-01,8.52E-01,-2.67E-01,8.59E-01,8.61E-01,1.11E+00,-7.61E-01,-1.49E+00,-8.15E-01,5.73E-01,-3.58E-01,1.36E+00,-5.74E-01,-1.09E+00,-2.44E-01,-3.12E-01,-7.56E-01,-7.99E-02,112121
1.00E+00,6.77E-01,-2.64E-01,9.11E-01,-2.26E-01,1.39E+00,-5.98E-03,4.40E-01,-4.98E-01,-6.55E-01,7.54E-01,-7.66E-02,4.23E-01,1.02E+00,-1.16E+00,3.13E-01,-5.29E-01,-1.65E-01,1.23E+00,8.69E-01,-2.43E-01,1.63E+00,-5.74E-01,4.33E-01,1.98E-01,-3.57E-01,7.30E-01,-2.79E-01,112121
1.00E+00,7.23E-01,4.72E-01,-1.02E+00,1.08E+00,-7.32E-01,-1.05E+00,1.99E-01,-6.28E-01,1.09E+00,-1.33E+00,-7.20E-01,3.74E-01,-2.41E-01,8.61E-01,-2.45E-01,-2.32E-01,5.93E-01,1.23E+00,3.20E-01,-4.01E-02,1.36E+00,-5.74E-01,-1.95E-01,-7.82E-01,-2.79E-01,-6.50E-01,-1.88E-01,112121
0.00E+00,3.83E-01,-4.71E-01,1.11E-01,-3.83E+00,1.59E+00,8.50E-01,3.34E-01,4.03E-02,1.36E+00,7.54E-01,9.85E-01,2.33E-01,-4.39E-01,8.61E-01,1.35E+00,-3.58E-01,-6.22E-01,-8.15E-01,9.88E-01,1.41E-01,-1.67E+00,-5.74E-01,-3.75E-01,-7.30E-01,-3.25E-01,-4.23E-01,-1.58E-01,112121
0.00E+00,-1.39E-01,3.38E-01,6.86E-01,-1.68E-01,-8.74E-02,1.57E+00,1.41E-01,1.51E+00,-1.52E+00,-1.33E+00,-5.05E-01,4.49E-01,3.29E-01,8.61E-01,-1.30E-02,-2.81E-01,1.03E+00,1.23E+00,6.08E-01,3.29E-01,-5.07E-01,-5.74E-01,7.88E-02,-1.94E-01,-3.31E-01,-6.65E-01,-4.23E-01,112121
1.00E+00,-5.97E-01,-4.94E-02,-9.33E-01,-6.48E-03,-2.31E-01,-5.98E-03,2.21E-01,-1.01E+00,1.54E+00,-1.33E+00,5.14E-01,-3.73E-01,1.09E+00,8.61E-01,8.77E-01,-1.37E-01,-4.23E-01,1.23E+00,4.48E-01,-3.20E-01,1.52E-01,-5.74E-01,-1.13E-01,-9.03E-01,-3.41E-01,3.07E-02,-3.84E-01,112121
