0.00E+00,-1.34E+00,-9.11E-01,2.91E-03,3.32E-01,9.65E-01,1.57E+00,3.77E-01,-1.93E+00,-1.02E+00,-1.33E+00,7.60E-01,-1.43E-01,4.24E-01,8.61E-01,7.64E-01,2.34E+00,2.75E-01,-8.15E-01,1.52E+00,-8.49E-01,-1.22E+00,1.74E+00,-1.14E+00,-3.21E-01,-3.47E-01,-7.82E-01,1.96E+00,1112212
0.00E+00,-8.41E-01,-7.15E-01,-1.66E+00,-9.37E-02,-7.54E-01,-1.05E+00,2.74E-01,-1.53E+00,1.51E+00,7.54E-01,9.33E-01,-1.82E-01,-1.32E-01,-1.16E+00,7.78E-01,-1.57E+00,9.81E-02,1.23E+00,1.44E+00,-8.33E-01,-1.40E+00,-5.74E-01,1.94E+00,2.17E+00,-3.08E-01,-1.44E-01,7.45E-02,1112212
0.00E+00,-6.04E-01,-1.98E+00,-3.07E-01,6.10E-01,-1.23E+00,-5.98E-03,-1.92E-03,-2.33E+00,-1.11E+00,-1.33E+00,3.68E-01,-2.24E-01,2.93E-01,8.61E-01,7.54E-01,2.25E+00,8.56E-01,-8.15E-01,9.92E-01,-8.33E-01,6.01E-01,1.74E+00,5.96E-01,1.31E+00,9.39E-01,7.88E-01,2.22E+00,1112212
1.00E+00,1.60E+00,4.96E-02,-1.60E+00,1.43E+00,1.64E+00,8.50E-01,7.69E-02,-2.53E+00,-6.92E-01,-1.33E+00,6.71E-01,-2.92E-01,2.53E-01,8.61E-01,1.41E+00,-8.76E-01,1.46E-01,-8.15E-01,1.58E+00,-4.28E-01,-1.24E-01,-5.74E-01,-1.44E-01,-4.67E-01,1.81E-01,-3.70E-01,1.37E+00,1112212
1.00E+00,3.18E-01,-8.70E-01,2.43E-01,-1.77E-02,-1.29E+00,8.50E-01,5.82E-01,-1.61E+00,-1.13E+00,-1.33E+00,6.59E-01,-1.08E+00,8.57E-01,8.61E-01,7.76E-01,1.10E+00,-1.52E-01,-8.15E-01,1.30E+00,7.20E-01,6.46E-01,1.74E+00,-3.12E-01,-4.08E-01,2.94E+00,1.10E-01,9.85E-01,1112212
1.00E+00,1.21E+00,-4.72E-01,2.58E-01,-8.99E-01,-3.45E-01,1.57E+00,1.17E+00,-1.39E+00,-1.29E+00,7.54E-01,1.02E+00,1.14E-01,4.60E-01,8.61E-01,5.51E-01,-1.40E+00,1.42E+00,-8.15E-01,-8.34E-02,-3.26E-01,-1.07E+00,-5.74E-01,-9.34E-01,-1.24E-01,-3.13E-01,1.39E+00,6.41E-01,1112212
1.00E+00,4.10E-01,2.20E-01,8.92E-02,-1.08E+00,2.75E-01,-5.98E-03,1.91E-01,-1.67E+00,1.29E+00,-1.33E+00,2.80E-01,-1.54E+00,-1.50E+00,-1.16E+00,6.10E-01,-2.54E-01,-4.96E-01,1.23E+00,1.20E+00,-1.21E+00,-3.09E-01,1.74E+00,8.34E-01,5.28E-01,-3.46E-01,-4.72E-01,4.20E-01,1112212
1.00E+00,-1.50E+00,-1.24E+00,-1.37E+00,-2.17E-01,-9.13E-01,-1.05E+00,-1.10E-01,-2.49E+00,1.57E+00,-1.33E+00,-1.97E-01,-2.93E-01,1.91E-01,8.61E-01,-5.81E-01,1.55E-01,-4.08E-01,1.23E+00,-2.90E-01,3.26E-01,6.02E-01,-5.74E-01,2.61E+00,2.90E+00,-3.17E-01,-4.57E-01,2.35E-01,1112212
1.00E+00,8.28E-01,-1.05E+00,8.77E-02,1.60E-01,4.70E-02,2.20E+00,9.67E-01,-1.72E+00,1.07E+00,-1.33E+00,1.09E+00,-6.93E-01,-1.01E+00,-1.16E+00,7.56E-01,-1.24E+00,-1.26E+00,-8.15E-01,8.59E-01,-4.70E-01,6.92E-01,1.74E+00,3.30E-01,-2.32E-01,-2.64E-01,-5.08E-01,4.04E-01,1112212
0.00E+00,-6.10E-01,-2.87E-01,-1.44E+00,1.58E+00,-1.57E+00,-1.05E+00,6.15E-01,-1.39E+00,2.20E-01,7.54E-01,-1.56E+00,-8.29E-01,-1.96E-01,8.61E-01,-1.43E+00,4.96E-01,1.10E+00,-8.15E-01,-1.06E+00,1.59E+00,-2.29E-01,-5.74E-01,-3.21E-01,-6.85E-02,-2.43E-01,1.39E+00,4.20E-01,1112212
0.00E+00,8.11E-01,-9.57E-01,9.65E-01,1.21E+00,6.22E-01,2.20E+00,2.43E-01,-1.74E+00,-1.01E+00,-1.33E+00,-2.27E-01,-1.02E+00,1.30E+00,8.61E-01,2.60E-01,-8.43E-01,2.53E-01,1.23E+00,7.50E-01,8.44E-01,-9.59E-01,-5.74E-01,3.16E-02,-3.63E-01,3.04E-01,-4.61E-01,4.66E-01,1112212
1.00E+00,6.11E-01,2.27E-01,9.66E-02,4.53E-01,1.25E-01,-1.05E+00,6.84E-01,-1.42E+00,-1.57E+00,-1.33E+00,1.02E+00,-6.67E-01,2.04E-01,8.61E-01,7.11E-01,-1.33E+00,-1.20E+00,1.23E+00,-1.40E-02,-1.04E+00,1.36E+00,-5.74E-01,2.79E-01,-2.87E-01,-3.58E-01,-6.33E-01,3.53E-01,1112212
1.00E+00,8.37E-01,-1.20E+00,1.44E+00,-1.47E+00,1.63E+00,-5.98E-03,4.83E-01,-1.86E+00,-6.04E-01,-1.33E+00,9.94E-01,-4.91E-01,1.17E+00,8.61E-01,1.22E+00,-6.68E-01,-4.26E-01,1.23E+00,-8.08E-02,-5.30E-01,8.00E-01,-5.74E-01,-2.09E+00,-5.45E-01,-3.63E-01,-1.64E-01,2.06E-01,1112212
1.00E+00,4.58E-01,-9.12E-01,-6.84E-01,1.35E+00,-7.86E-01,1.57E+00,1.02E-03,-1.75E+00,2.22E-01,7.54E-01,1.73E-01,-4.21E-01,1.11E+00,8.61E-01,8.23E-01,-1.74E+00,-1.28E+00,-8.15E-01,1.51E+00,-9.76E-01,5.16E-01,-5.74E-01,1.52E-01,-2.84E-01,-4.61E-01,6.98E-01,1.84E-01,1112212
1.00E+00,-2.96E-01,-7.14E-01,-1.63E+00,1.44E+00,-1.24E+00,-5.98E-03,9.37E-01,-1.80E+00,4.27E-01,-1.33E+00,1.16E+00,-1.03E+00,-1.04E+00,8.61E-01,1.63E+00,-5.13E-01,1.02E+00,-8.15E-01,1.28E+00,-1.06E+00,2.25E-02,1.74E+00,9.80E-01,5.38E-01,-3.99E-01,-2.02E-01,8.24E-01,1112212
1.00E+00,-6.80E-01,-1.33E+00,1.08E+00,4.37E-01,-1.73E+00,-1.05E+00,8.01E-01,-1.72E+00,1.50E+00,7.54E-01,1.60E+00,-1.45E+00,-1.98E-01,8.61E-01,1.62E+00,-8.91E-01,-3.71E-01,-8.15E-01,-1.20E+00,8.57E-01,1.00E+00,-5.74E-01,1.53E+00,2.18E+00,-3.02E-01,-8.99E-01,5.76E-01,1112212
1.00E+00,8.64E-02,-3.13E-01,-1.65E+00,1.43E+00,1.46E+00,-1.05E+00,1.08E+00,-1.45E+00,-1.64E-01,-1.33E+00,-6.40E-01,3.19E-01,1.22E+00,8.61E-01,-7.83E-01,1.08E+00,-1.57E+00,-8.15E-01,-4.11E-01,-7.28E-01,-3.25E-01,1.74E+00,3.32E+00,3.06E+00,-3.61E-01,-8.31E-01,7.00E-01,1112212
